>S1, Orders for mutation Results: A->ACGU,C->ACGU,G->ACGU,U->ACGU
cell line/tissue: liver
0.6399
position mutationResults
1 U 0.6397 0.6402 0.6401 0.6399
2 G 0.6375 0.6394 0.6399 0.6401
3 G 0.6361 0.6374 0.6399 0.6431
4 G 0.6329 0.6266 0.6399 0.6328
5 A 0.6399 0.6349 0.6426 0.6356
6 G 0.6388 0.6465 0.6399 0.6426
7 G 0.6378 0.6433 0.6399 0.6464
8 U 0.6157 0.631 0.6333 0.6399
9 G 0.6107 0.6176 0.6399 0.6401
10 G 0.6418 0.6048 0.6399 0.6327
11 A 0.6399 0.6427 0.63 0.6357
12 U 0.6272 0.6382 0.6222 0.6399
13 G 0.6507 0.6768 0.6399 0.6637
14 U 0.6358 0.6514 0.6378 0.6399
15 U 0.6391 0.6362 0.6454 0.6399
16 C 0.6772 0.6399 0.673 0.6665
17 A 0.6399 0.6302 0.6307 0.6363
18 A 0.6399 0.6376 0.624 0.6317
19 G 0.6599 0.6421 0.6399 0.6366
20 G 0.6658 0.6274 0.6399 0.6306
21 C 0.6484 0.6399 0.637 0.6436
22 A 0.6399 0.6331 0.624 0.6355
23 G 0.6345 0.6417 0.6399 0.6405
24 C 0.6065 0.6399 0.5942 0.6272
25 A 0.6399 0.6542 0.6561 0.6539
26 A 0.6399 0.6419 0.6535 0.6484
27 A 0.6399 0.6495 0.6565 0.645
28 G 0.6343 0.648 0.6399 0.6453
29 C 0.6229 0.6399 0.6515 0.6394
30 C 0.6402 0.6399 0.6468 0.6447
31 U 0.6385 0.6288 0.6586 0.6399
32 A 0.6399 0.6331 0.6405 0.6279
33 C 0.6378 0.6399 0.6493 0.6295
34 A 0.6399 0.6312 0.6511 0.6275
35 G 0.6185 0.6181 0.6399 0.624
36 C 0.6593 0.6399 0.6626 0.6854
37 A 0.6399 0.6326 0.6172 0.6432
38 G 0.657 0.6553 0.6399 0.6751
39 G 0.6552 0.6572 0.6399 0.6721
40 G 0.6311 0.6818 0.6399 0.6646
41 G 0.5766 0.6518 0.6399 0.658
42 C 0.6354 0.6399 0.6389 0.653
43 C 0.6681 0.6399 0.657 0.6398
44 U 0.6705 0.653 0.6418 0.6399
45 G 0.6489 0.666 0.6399 0.6533
46 G 0.6475 0.6476 0.6399 0.6525
47 A 0.6399 0.6534 0.6395 0.6485
48 G 0.6325 0.6343 0.6399 0.6531
49 A 0.6399 0.6616 0.6491 0.6499
50 A 0.6399 0.6551 0.6489 0.6522
51 G 0.6404 0.6211 0.6399 0.6202
52 G 0.6585 0.6101 0.6399 0.6186
53 C 0.6547 0.6399 0.6283 0.6377
54 A 0.6399 0.6029 0.5937 0.6161
55 G 0.66 0.6422 0.6399 0.6312
56 G 0.651 0.6361 0.6399 0.643
57 G 0.6134 0.6468 0.6399 0.661
58 C 0.6365 0.6399 0.6097 0.6406
59 U 0.652 0.6546 0.6156 0.6399
60 C 0.6329 0.6399 0.6048 0.6226
61 C 0.644 0.6399 0.5986 0.6355
62 U 0.6452 0.6441 0.6096 0.6399
63 C 0.635 0.6399 0.5979 0.6327
64 A 0.6399 0.6312 0.6043 0.6262
65 C 0.6621 0.6399 0.63 0.6501
66 C 0.6601 0.6399 0.6343 0.6497
67 A 0.6399 0.6272 0.6037 0.6351
68 A 0.6399 0.6346 0.6024 0.6323
69 G 0.6631 0.6637 0.6399 0.6547
70 G 0.6571 0.6493 0.6399 0.6482
71 C 0.6523 0.6399 0.633 0.6459
72 C 0.6447 0.6399 0.6229 0.6343
73 G 0.6489 0.6566 0.6399 0.6512
74 A 0.6399 0.643 0.6215 0.6421
75 G 0.6604 0.6509 0.6399 0.6521
76 A 0.6399 0.647 0.6233 0.6444
77 U 0.6084 0.6214 0.6183 0.6399
78 G 0.6429 0.6512 0.6399 0.6631
79 G 0.6682 0.6668 0.6399 0.6614
80 A 0.6399 0.6423 0.6115 0.6032
81 C 0.621 0.6399 0.6533 0.6239
82 C 0.617 0.6399 0.6615 0.65
83 A 0.6399 0.6728 0.665 0.6789
84 G 0.6225 0.6479 0.6399 0.6356
85 A 0.6399 0.6606 0.6981 0.6694
86 U 0.6775 0.5329 0.7106 0.6399
87 A 0.6399 0.6293 0.6598 0.6616
88 C 0.5979 0.6399 0.5841 0.5657
89 U 0.6081 0.665 0.6667 0.6399
90 C 0.5274 0.6399 0.6789 0.6225
91 C 0.577 0.6399 0.6975 0.6129
92 A 0.6399 0.6631 0.7035 0.6637
93 U 0.5857 0.6208 0.691 0.6399
94 G 0.4275 0.4015 0.6399 0.5252
95 G 0.4502 0.4882 0.6399 0.5361
96 C 0.6166 0.6399 0.6608 0.5795
97 C 0.5841 0.6399 0.4568 0.4441
98 U 0.5329 0.6855 0.6162 0.6399
99 A 0.6399 0.5425 0.7728 0.676
100 G 0.0666 0.0718 0.6399 0.2648
101 A 0.6399 0.1766 0.5508 0.445
102 C 0.6982 0.6399 0.6752 0.5941
103 A 0.6399 0.0015 0.0626 0.0019
104 A 0.6399 0.6474 0.7904 0.7175
105 G 0.2757 0.3812 0.6399 0.7273
106 G 0.585 0.6522 0.6399 0.6816
107 U 0.4516 0.6767 0.6526 0.6399
108 A 0.6399 0.7051 0.6746 0.6813
109 C 0.6866 0.6399 0.6565 0.6054
110 U 0.6446 0.6621 0.6459 0.6399
111 U 0.6216 0.6589 0.5995 0.6399
112 G 0.6398 0.6561 0.6399 0.6325
113 C 0.6478 0.6399 0.6664 0.6482
114 C 0.6207 0.6399 0.6696 0.6645
115 G 0.5853 0.6278 0.6399 0.6468
116 U 0.6461 0.6416 0.6414 0.6399
117 G 0.6312 0.6125 0.6399 0.6023
118 G 0.6547 0.6116 0.6399 0.6129
119 C 0.669 0.6399 0.6358 0.6383
120 C 0.6315 0.6399 0.6482 0.6363
121 C 0.6231 0.6399 0.6407 0.6386
122 A 0.6399 0.6381 0.641 0.6373
123 A 0.6399 0.6266 0.6436 0.6295
124 G 0.6611 0.6514 0.6399 0.6349
125 C 0.703 0.6399 0.6363 0.64
126 C 0.63 0.6399 0.6222 0.6373
127 C 0.6237 0.6399 0.618 0.637
128 C 0.6247 0.6399 0.6232 0.6326
129 A 0.6399 0.6397 0.6421 0.6429
130 C 0.6537 0.6399 0.6623 0.6537
131 C 0.6702 0.6399 0.6694 0.6611
132 C 0.6672 0.6399 0.6578 0.6497
133 A 0.6399 0.6303 0.6357 0.6365
134 A 0.6399 0.6391 0.631 0.6314
135 G 0.6496 0.6428 0.6399 0.636
136 G 0.6399 0.6306 0.6399 0.6366
137 C 0.6503 0.6399 0.6413 0.6422
138 C 0.6372 0.6399 0.6424 0.6433
139 C 0.6347 0.6399 0.6407 0.6422
140 C 0.6382 0.6399 0.6405 0.6385
141 U 0.6355 0.6351 0.6379 0.6399
142 U 0.6435 0.6353 0.6441 0.6399
143 C 0.6468 0.6399 0.6426 0.6356
144 C 0.6258 0.6399 0.6346 0.6324
145 C 0.6181 0.6399 0.6322 0.6367
146 U 0.6428 0.6416 0.6469 0.6399
147 G 0.6287 0.6299 0.6399 0.6264
148 U 0.6307 0.6197 0.6377 0.6399
149 G 0.6369 0.627 0.6399 0.6397
150 G 0.6633 0.6324 0.6399 0.6288
151 C 0.6861 0.6399 0.6339 0.6198
152 C 0.6282 0.6399 0.6296 0.6312
153 C 0.6254 0.6399 0.6312 0.6532
154 C 0.647 0.6399 0.6498 0.6519
155 A 0.6399 0.6257 0.6457 0.6369
156 G 0.6464 0.6332 0.6399 0.6357
157 G 0.6776 0.6372 0.6399 0.636
158 C 0.6472 0.6399 0.6469 0.6404
159 U 0.6302 0.6453 0.6395 0.6399
160 C 0.6374 0.6399 0.645 0.648
161 C 0.6505 0.6399 0.6465 0.6484
162 C 0.6512 0.6399 0.644 0.6389
163 A 0.6399 0.6444 0.6152 0.6344
164 C 0.6241 0.6399 0.5931 0.6194
165 C 0.6331 0.6399 0.6181 0.6345
166 A 0.6399 0.6417 0.6239 0.6411
167 A 0.6399 0.6473 0.6175 0.6354
168 A 0.6399 0.6556 0.6312 0.6459
169 U 0.6328 0.6471 0.6349 0.6399
170 C 0.657 0.6399 0.6568 0.6537
171 C 0.6623 0.6399 0.6584 0.6557
172 C 0.6547 0.6399 0.6474 0.6544
173 U 0.642 0.6505 0.6305 0.6399
174 G 0.6645 0.6691 0.6399 0.6629
175 A 0.6399 0.6382 0.612 0.6331
176 G 0.6671 0.6505 0.6399 0.6642
177 C 0.6457 0.6399 0.6379 0.6519
178 A 0.6399 0.6423 0.6081 0.6415
179 A 0.6399 0.6601 0.5952 0.644
180 A 0.6399 0.6634 0.6097 0.6366
181 C 0.6422 0.6399 0.6342 0.6323
182 A 0.6399 0.6277 0.6306 0.6278
183 G 0.6703 0.6731 0.6399 0.6526
184 U 0.6334 0.6676 0.6409 0.6399
185 G 0.5908 0.631 0.6399 0.6296
186 C 0.6735 0.6399 0.6858 0.6745
187 A 0.6399 0.6652 0.6675 0.6733
188 G 0.6558 0.6672 0.6399 0.6611
189 U 0.6546 0.6452 0.6571 0.6399
190 G 0.6382 0.6421 0.6399 0.6306
191 U 0.6419 0.6568 0.6402 0.6399
192 U 0.6138 0.6479 0.6316 0.6399
193 G 0.6093 0.6409 0.6399 0.6491
194 C 0.6534 0.6399 0.6461 0.6543
195 C 0.652 0.6399 0.6574 0.6544
196 C 0.6508 0.6399 0.6552 0.6496
197 A 0.6399 0.6467 0.6296 0.6427
198 U 0.6487 0.6489 0.6321 0.6399
199 C 0.6346 0.6399 0.625 0.6351
200 U 0.6349 0.6394 0.6214 0.6399
201 G 0.6435 0.6403 0.6399 0.6413
